gaston;30;33594741;1234;
carlos;45;22788956;2345;
carlos;45;22788956;2345;
carlos;45;22788956;2345;
carlos;45;22788956;2345;
carlos;45;22788956;2345;
carlos;45;22788956;2345;
carlos;45;22788956;2345;
carlos;45;22788956;2345;
carlos;45;22788956;2345;
carlos;45;22788956;2345;
carlos;45;22788956;2345;
carlos;45;22788956;2345;
carlos;45;22788956;2345;
carlos;45;22788956;2345;
carlos;45;22788956;2345;
carlos;45;22788956;2345;
carlos;45;22788956;2345;
carlos;45;22788956;2345;
carlos;45;22788956;2345;
carlos;45;22788956;2345;
carlos;45;22788956;2345;
carlos;45;22788956;2345;
carlos;45;22788956;2345;
carlos;45;22788956;2345;
carlos;45;22788956;2345;
carlos;45;22788956;2345;
